157473
157482
157486
157491
157492
157664
157773
157779
157782
157785
157786
157816
158028
158033
158035
158038
158039
158065
158219
158224
158226
158229
158230
158264
158407
158412
158415
158417
158418
158480
158596
158600
158602
158605
158606
158668
158776
158780
158782
158785
158786
158848
158956
158960
158962
158965
158966
159028
159142
159146
159148
159151
159151
159218
159323
159327
159329
159331
159332
159394
159502
159506
159508
159510
159511
159552
159676
159680
159682
159685
159686
159711
159890
159894
159897
159913
159914
159976
160094
160098
160100
160103
160104
160160
160271
160276
160277
160280
160281
160309
160455
160459
160461
160463
160464
160527
160642
160646
160648
160651
160651
160714
160831
160836
160838
160842
160843
160875
161044
161048
161050
161053
161054
161119
161232
161236
161238
161240
161241
161304
161419
161423
161425
161428
161429
161491
161604
161608
161610
161612
161613
161657
161783
161787
161789
161792
161793
161832
161969
161973
161975
161978
161979
162017
162154
162158
162160
162163
162164
162202
162337
162341
162343
162346
162347
162386
162515
162519
162521
162524
162525
162551
162699
162704
162706
162709
162710
162735
162886
162891
162893
162896
162896
162932
163068
163073
163075
163077
163078
163118
163150
163153
163155
163157
163158
163197
163218
163222
163223
163226
163226
163265
163285
163288
163290
163292
163293
163326
163352
163356
163357
163360
163360
163386
163419
163432
163434
163437
163437
163462
163498
163503
163505
163508
163508
163533
163568
163571
163572
163575
163575
163595
163634
163638
163639
163642
163642
163668
163700
163703
163705
163708
163708
163734
163766
163770
163772
163774
163775
163805
163885
163889
163891
163894
163894
163920
163954
163958
163959
163962
163962
163988
164021
164024
164026
164028
164029
164054
164087
164090
164092
164094
164095
164120
164153
164157
164158
164161
164161
164186
164219
164223
164224
164227
164227
164253
164285
164289
164290
164293
164293
164321
164351
164354
164356
164359
164359
164384
164417
164420
164422
164424
164425
164450
164482
164486
164487
164490
164490
164516
164548
164551
164553
164555
164556
164581
164614
164617
164619
164622
164622
164648
164680
164684
164686
164688
164689
164714
164746
164750
164751
164754
164754
164780
164811
164815
164816
164819
164819
164844
164877
164880
164882
164885
164886
164919
164953
164956
164958
164960
164961
164986
165019
165023
165024
165027
165027
165053
165084
165088
165090
165092
165093
165118
165150
165154
165155
165158
165158
165184
165216
165219
165221
165223
165224
165249
165281
165285
165286
165289
165289
165315
165347
165350
165352
165354
165355
165380
165412
165416
165418
165420
165421
165446
165479
165482
165484
165486
165487
165512
165544
165547
165549
165551
165552
165577
165610
165613
165615
165617
165618
165643
165676
165679
165681
165683
165683
165709
165741
165745
165746
165749
165749
165775
165807
165811
165812
165815
165815
165841
165873
165876
165878
165881
165881
165906
165939
165942
165944
165946
165947
165974
166023
166027
166029
166031
166032
166058
166114
166118
166120
166123
166124
166150
166187
166190
166192
166195
166195
166222
166254
166258
166259
166262
166262
166288
166321
166324
166326
166328
166329
166354
166386
166391
166400
166403
166403
166428
166462
166466
166468
166470
166471
166498
166528
166532
166533
166536
166536
166562
166594
166598
166599
166602
166602
166628
166660
166664
166665
166668
166668
166694
166726
166730
166732
166734
166734
166760
166792
166796
166797
166800
166800
166826
166858
166861
166863
166865
166866
166891
166924
166928
166930
166932
166933
166958
166991
166994
166996
166998
166999
167024
167056
167060
167061
167064
167064
167090
167122
167125
167127
167129
167129
167155
167187
167191
167192
167195
167195
167221
167254
167257
167259
167261
167262
167287
167319
167323
167325
167327
167328
167353
167385
167388
167390
167392
167393
167418
167450
167454
167456
167458
167459
167499
167523
167526
167527
167528
167529
167551
167568
167570
167571
167573
167573
167595
167612
167615
167616
167617
167618
167640
167657
167659
167660
167661
167662
167684
167700
167703
167704
167706
167706
167733
167750
167753
167754
167756
167756
167784
